$ 1 0.000005 10.20027730826997 50 5 43 5e-11
v 128 144 128 80 0 0 40 5 0 0 0.5
v 128 432 128 368 0 0 40 5 0 0 0.5
g 128 432 128 448 0 0
g 128 144 128 160 0 0
s 128 80 176 80 0 0 false
s 128 368 176 368 0 0 false
r 176 80 176 128 0 10000
r 176 128 176 176 0 10000
a 240 112 336 112 8 15 0 1000000 2.361718896674645 2.5 100000
w 240 128 176 128 0
v -32 144 -32 64 0 0 40 3.5 0 0 0.5
g -32 144 -32 160 0 0
34 zener-2.4 1 1.7143528192810002e-7 0 2.0000000000000084 2.4 1
z 16 112 16 80 2 zener-2.4
r -32 64 16 64 0 1000
w 16 64 16 80 0
w 16 144 -32 144 0
w 16 64 240 64 0
w 240 64 240 96 0
f 448 144 448 80 33 1.5 0.02
f 608 144 608 80 41 1.5 0.02
r 496 80 496 144 0 10000
c 544 80 544 144 0 1e-7 4.413095400032728 0.001
w 448 144 496 144 0
w 496 144 544 144 0
w 544 144 608 144 0
w 464 80 496 80 0
w 496 80 544 80 0
w 544 80 592 80 0
w 176 80 432 80 0
r 496 144 496 208 0 470
f 432 256 496 256 32 1.5 0.02
g 496 320 496 336 0 0
w 496 240 496 208 0
r 432 256 336 256 0 470
r 496 304 432 304 0 10000
w 432 256 432 304 0
w 496 320 496 304 0
w 496 304 496 272 0
w 496 592 496 560 0
w 496 608 496 592 0
r 432 544 400 544 0 470
w 496 528 496 496 0
g 496 608 496 624 0 0
f 432 544 496 544 32 1.5 0.02
r 496 432 496 496 0 470
w 176 368 400 368 0
w 544 368 592 368 0
w 496 368 544 368 0
w 464 368 496 368 0
w 544 432 608 432 0
w 496 432 544 432 0
w 448 432 496 432 0
c 544 368 544 432 0 1e-7 0.002372741287909541 0.001
r 496 368 496 432 0 10000
f 608 432 608 368 41 1.5 0.02
f 448 432 448 368 33 1.5 0.02
w 336 112 336 256 0
p 736 80 736 240 1 0 0
w 624 368 672 368 0
w 624 80 672 80 0
w 672 368 672 80 0
w 672 80 736 80 0
g 736 240 736 256 0 0
g 176 176 176 192 0 0
w 16 144 16 112 0
f 336 560 384 560 32 1.5 0.02
r 400 544 400 368 0 10000
w 400 368 432 368 0
g 384 576 384 592 0 0
w 336 256 336 560 0
w 384 544 400 544 0
162 784 144 784 240 2 default-led 1 0 0 0.01
w 736 240 784 240 0
w 736 80 784 80 0
c 816 80 816 240 0 0.00001 4.191308669013942 0.001
w 784 80 816 80 0
w 784 240 816 240 0
r 784 144 784 80 0 100
o 57 64 0 4099 5 0.1 0 1
